   10000.000000000000     
   20000.000000000000     
   30000.000000000000     
   40000.000000000000     
   50000.000000000000     
   60000.000000000000     
   70000.000000000000     
   80000.000000000000     
   90000.000000000000     
   100000.00000000000     
   110000.00000000000     
   120000.00000000000     
   130000.00000000000     
   140000.00000000000     
   150000.00000000000     
   160000.00000000000     
   170000.00000000000     
   180000.00000000000     
   190000.00000000000     
   200000.00000000000     
   210000.00000000000     
   220000.00000000000     
   230000.00000000000     
   240000.00000000000     
   250000.00000000000     
   260000.00000000000     
   270000.00000000000     
   280000.00000000000     
   290000.00000000000     
   300000.00000000000     
   310000.00000000000     
   320000.00000000000     
   330000.00000000000     
   340000.00000000000     
   350000.00000000000     
   360000.00000000000     
   370000.00000000000     
   380000.00000000000     
   390000.00000000000     
   400000.00000000000     
   410000.00000000000     
   420000.00000000000     
   430000.00000000000     
   440000.00000000000     
   450000.00000000000     
   460000.00000000000     
   470000.00000000000     
   480000.00000000000     
   490000.00000000000     
   500000.00000000000     
   510000.00000000000     
   520000.00000000000     
   530000.00000000000     
   540000.00000000000     
   550000.00000000000     
   560000.00000000000     
   570000.00000000000     
   580000.00000000000     
   590000.00000000000     
   600000.00000000000     
   610000.00000000000     
   620000.00000000000     
   630000.00000000000     
   640000.00000000000     
   650000.00000000000     
   660000.00000000000     
   670000.00000000000     
   680000.00000000000     
   690000.00000000000     
   700000.00000000000     
   710000.00000000000     
   720000.00000000000     
   730000.00000000000     
   740000.00000000000     
   750000.00000000000     
   760000.00000000000     
   770000.00000000000     
   780000.00000000000     
   790000.00000000000     
   800000.00000000000     
   810000.00000000000     
   820000.00000000000     
   830000.00000000000     
   840000.00000000000     
   850000.00000000000     
   860000.00000000000     
   870000.00000000000     
   880000.00000000000     
   890000.00000000000     
   900000.00000000000     
   910000.00000000000     
   920000.00000000000     
   930000.00000000000     
   940000.00000000000     
   950000.00000000000     
   960000.00000000000     
   970000.00000000000     
   980000.00000000000     
   990000.00000000000     
   1000000.0000000000     
